[Variables]
nozzle_expansion_applied_offset = 0.043312500000815324
nozzle_expansion_coefficient = 0.0412500000007765

