[Variables]
nozzle_expansion_applied_offset = 0.047437500000892974
nozzle_expansion_coefficient = 0.0412500000007765

